GUI: Welcome to AutomAl 6000 by Haakon Tvedt
GUI: version: 0.2.1
GUI: Build: Alpha 2.0
GUI: See http://automal.org for help
------------------------
core: Loaded C:/Users/haakot/OneDrive/NTNU/TFY4900 Master/Data_b/_model_0_Medium_Qprime_control
core: Loaded C:/Users/haakot/OneDrive/NTNU/TFY4900 Master/Data_b/_model_0_multi_phase_control
core: Loaded C:/Users/haakot/OneDrive/NTNU/TFY4900 Master/Data_b/_model_Cast4_1hRT_5h175C_Sigurd_08_control
core: Loaded C:/Users/haakot/OneDrive/NTNU/TFY4900 Master/Data_b/_model_Cast4_1hRT_5h175C_Sigurd_12_control
core: Loaded C:/Users/haakot/OneDrive/NTNU/TFY4900 Master/Data_b/_model_haakon_005_control
core: Loaded C:/Users/haakot/OneDrive/NTNU/TFY4900 Master/Data_b/_model_haakon_035_control
core: Loaded C:/Users/haakot/OneDrive/NTNU/TFY4900 Master/Data_b/_model_haakon_044_control
core: Loaded C:/Users/haakot/OneDrive/NTNU/TFY4900 Master/Data_b/_model_haakon_045_control
data_module: The variance of the theta angle mean will typically be 0. Setting a manual variance of 0.2
data_module: The variance of the theta angle mean will typically be 0. Setting a manual variance of 0.2
data_module: The variance of the theta angle mean will typically be 0. Setting a manual variance of 0.2
data_module: The covariant matrix determinant for the category Cu_1 is extremely low,
indicating a poor choice of attributes for this model.
See automal.org for more information.
    Covariance matrix determinant: 1.7176286562813023e-30
data_module: The variance of the theta angle mean will typically be 0. Setting a manual variance of 0.2
data_module: The covariant matrix determinant for the category Cu_2 is extremely low,
indicating a poor choice of attributes for this model.
See automal.org for more information.
    Covariance matrix determinant: 4.077916082850406e-32
data_module: The variance of the theta angle mean will typically be 0. Setting a manual variance of 0.2
data_module: The variance of the theta angle mean will typically be 0. Setting a manual variance of 0.2
data_module: The variance of the theta angle mean will typically be 0. Setting a manual variance of 0.2
data_module: The variance of the theta angle mean will typically be 0. Setting a manual variance of 0.2
data_module: The covariant matrix determinant for the category Si_2 is extremely low,
indicating a poor choice of attributes for this model.
See automal.org for more information.
    Covariance matrix determinant: 1.1260312844560148e-30
data_module: The variance of the theta angle mean will typically be 0. Setting a manual variance of 0.2
GUI: Successfully saved model to C:/Users/haakot/AutomAl/test_model
GUI_elements: General:
    Number of attributes (k): 5
    Number of data points (n): 17392
    Number of categories: 8
    Category key: advanced_species
    Categories:
        Al_1
        Al_2
        Cu_1
        Cu_2
        Mg_1
        Mg_2
        Si_1
        Si_2
    Attributes:
        alpha_min (radians)
        alpha_max (radians)
        theta_angle_mean (radians)
        normalized_avg_gamma ()
        normalized_peak_gamma ()
Uncategorized data:
    Attribute alpha_min:
        Mean: 1.5326466100167524
        Variance: 0.013170703668323507
    Attribute alpha_max:
        Mean: 3.08855310250166
        Variance: 0.04757324415334926
    Attribute theta_angle_mean:
        Mean: 1.5884603691089016
        Variance: 0.02
    Attribute normalized_avg_gamma:
        Mean: 0.30326892455532156
        Variance: 0.0009898887981103774
    Attribute normalized_peak_gamma:
        Mean: 0.30505291539843976
        Variance: 0.00258144107674642
    Covariance matrix:
        [1.000000000000001, -0.7359820582855235, 0.6294740106452316, 0.2912154160530119, 0.27016669084828326]
        [-0.7359820582855235, 1.0, -0.5790998345849272, -0.2445414128841685, -0.20360606283651006]
        [0.6294740106452316, -0.5790998345849272, 1.5268769275581435, 0.28205277368394976, 0.2794874418849425]
        [0.2912154160530119, -0.2445414128841685, 0.28205277368394976, 1.000000000000001, 0.8518897680412405]
        [0.27016669084828326, -0.20360606283651006, 0.2794874418849425, 0.8518897680412405, 1.0000000000000007]
    Inverse covariance matrix:
        [2.414777154382384, 1.5024963732492793, -0.3791277202554262, -0.08740105078007833, -0.16605748439464044]
        [1.5024963732492793, 2.252143747615695, 0.230814212271018, 0.21224145817650575, -0.19269035209144345]
        [-0.37912772025542624, 0.23081421227101798, 0.9184967611197281, -0.0029812435521081545, -0.1047457646694034]
        [-0.0874010507800782, 0.212241458176506, -0.0029812435521082603, 3.7208049395633087, -3.102055936421358]
        [-0.16605748439464077, -0.1926903520914436, -0.1047457646694033, -3.102055936421358, 3.6775151150582457]
    Covariance determinant: 0.12431582885088735
Categorized data:
    Category (Al_1):
        Max prediction: 0.024798061433189543
        Attribute list: ['alpha_min', 'alpha_max', 'theta_angle_mean', 'normalized_avg_gamma', 'normalized_peak_gamma']
        Attribute alpha_min:
            Mean: 1.534576557104053
            Variance: 0.0038549339511248578
        Attribute alpha_max:
            Mean: 3.1102451224213623
            Variance: 0.009522393713556392
        Attribute theta_angle_mean:
            Mean: 1.5814399363436047
            Variance: 0.02
        Attribute normalized_avg_gamma:
            Mean: 0.30242350935184487
            Variance: 0.00044711951502186305
        Attribute normalized_peak_gamma:
            Mean: 0.3031592498827497
            Variance: 0.0010543858067441983
        Covariance matrix:
            [1.0000000000000004, -0.7462316974333729, -0.018544472877615764, -0.045060464628330264, -0.0339007224620194]
            [-0.7462316974333729, 1.000000000000006, 0.006724563299081862, 0.0057094429449786165, 0.022105800541732713]
            [-0.018544472877615764, 0.006724563299081862, 0.9084996172828887, -0.027185351864738142, 0.0019150812949634182]
            [-0.045060464628330264, 0.0057094429449786165, -0.027185351864738142, 1.000000000000006, 0.7642274475814018]
            [-0.0339007224620194, 0.022105800541732713, 0.0019150812949634182, 0.7642274475814018, 0.9999999999999976]
        Inverse covariance matrix:
            [2.268828211719945, 1.6936489863991269, 0.03850660761230208, 0.15265929472262654, -0.07726471760095006]
            [1.6936489863991269, 2.2651142615327706, 0.02221772975891653, 0.1404192340178611, -0.10001102139716397]
            [0.038506607612302075, 0.022217729758916525, 1.1038123616174522, 0.07839526915298105, -0.06121144573904503]
            [0.1526592947226265, 0.14041923401786105, 0.07839526915298102, 2.4203023409689868, -1.8477404329253757]
            [-0.07726471760095004, -0.10001102139716393, -0.061211445739045016, -1.8477404329253755, 2.411802673685777]
        Covariance determinant: 0.16606006175234267
    Category (Al_2):
        Max prediction: 0.28676397404463205
        Attribute list: ['alpha_min', 'alpha_max', 'theta_angle_mean', 'normalized_avg_gamma', 'normalized_peak_gamma']
        Attribute alpha_min:
            Mean: 1.4396882394766601
            Variance: 0.015880026445912316
        Attribute alpha_max:
            Mean: 3.1592859850419925
            Variance: 0.03812427153134767
        Attribute theta_angle_mean:
            Mean: 1.5706240021420834
            Variance: 0.02
        Attribute normalized_avg_gamma:
            Mean: 0.3124826958294464
            Variance: 0.0030259668122725398
        Attribute normalized_peak_gamma:
            Mean: 0.31192766302700004
            Variance: 0.00695849446760217
        Covariance matrix:
            [1.0000000000000007, -0.67366533152502, 0.013684604283460085, 0.13876815855006247, 0.11801935582760485]
            [-0.67366533152502, 0.9999999999999996, 0.004412434051941761, -0.06942440257691623, -0.08705501719053811]
            [0.013684604283460085, 0.004412434051941761, 0.013206648714644798, 0.005123340824905229, 0.004901149470076662]
            [0.13876815855006247, -0.06942440257691623, 0.005123340824905229, 0.9999999999999993, 0.902849677891437]
            [0.11801935582760485, -0.08705501719053811, 0.004901149470076662, 0.902849677891437, 0.9999999999999994]
        Inverse covariance matrix:
            [1.9428611317749487, 1.3140365333546165, -2.3930418026149964, -0.39473076460421636, 0.25320945300512565]
            [1.3140365333546162, 1.8986185185176165, -1.9866404893081178, -0.3156939942579868, 0.3049635655768642]
            [-2.393041802614997, -1.9866404893081178, 78.9543215457826, 0.21733650482446568, -0.4737108945141794]
            [-0.3947307646042165, -0.3156939942579869, 0.2173365048244659, 5.493057783012975, -4.941367524260917]
            [0.25320945300512593, 0.3049635655768643, -0.4737108945141798, -4.941367524260917, 5.460298797432453]
        Covariance determinant: 0.0012417994912409212
    Category (Cu_1):
        Max prediction: 7710555908786.072
        Attribute list: ['alpha_min', 'alpha_max', 'theta_angle_mean', 'normalized_avg_gamma', 'normalized_peak_gamma']
        Attribute alpha_min:
            Mean: 1.9550685732917144
            Variance: 0.006669116351659166
        Attribute alpha_max:
            Mean: 2.2310536784772466
            Variance: 0.00731105898149457
        Attribute theta_angle_mean:
            Mean: 2.0943951023931957
            Variance: 0.02
        Attribute normalized_avg_gamma:
            Mean: 0.5540544126553988
            Variance: 0.002772552983119647
        Attribute normalized_peak_gamma:
            Mean: 0.7351179300015446
            Variance: 0.01184307932224053
        Covariance matrix:
            [0.9999999999999991, -0.7738373514961001, 2.175417079530827e-16, -0.13440420661170413, 0.0754517794369609]
            [-0.7738373514961001, 0.9999999999999998, -2.6943504491919634e-16, -0.01283251671669988, -0.041367068271426756]
            [2.175417079530827e-16, -2.6943504491919634e-16, 8.217301096052207e-30, 2.7692034549204598e-17, -1.3882075611747602e-16]
            [-0.13440420661170413, -0.01283251671669988, 2.7692034549204598e-17, 0.9999999999999998, 0.6273479931464124]
            [0.0754517794369609, -0.041367068271426756, -1.3882075611747602e-16, 0.6273479931464124, 1.0000000000000009]
        Inverse covariance matrix:
            [2.8537879208461874, 2.187803229141073, -17294718372111.516, 0.8111791796536854, -0.6361128675383704]
            [2.1878032291410734, 2.688794691765546, 21092958114371.504, 0.5934905274485973, -0.4232430440665997]
            [-17294718372112.135, 21092958114371.152, 1.2357599801994107e+29, -29028709252420.453, 37543487090635.805]
            [0.8111791796536854, 0.5934905274485976, -29028709252418.43, 1.8847354566535774, -1.2230687430907163]
            [-0.6361128675383706, -0.42324304406659985, 37543487090635.766, -1.2230687430907168, 1.8029890606024817]
        Covariance determinant: 1.7176286562813023e-30
    Category (Cu_2):
        Max prediction: 50041599974108.07
        Attribute list: ['alpha_min', 'alpha_max', 'theta_angle_mean', 'normalized_avg_gamma', 'normalized_peak_gamma']
        Attribute alpha_min:
            Mean: 1.5075199973463704
            Variance: 0.01914121570718492
        Attribute alpha_max:
            Mean: 3.063506044209157
            Variance: 0.03463018705384533
        Attribute theta_angle_mean:
            Mean: 1.5707963267948966
            Variance: 0.02
        Attribute normalized_avg_gamma:
            Mean: 0.5440641553160286
            Variance: 0.006343575702180628
        Attribute normalized_peak_gamma:
            Mean: 0.6453090098328153
            Variance: 0.015594261349301065
        Covariance matrix:
            [1.0, -0.6405376375363652, 5.0457951233456974e-17, 0.2486440908476124, 0.317667235926226]
            [-0.6405376375363652, 1.0, 9.51944063824864e-17, -0.2201182031668005, -0.1273731874895472]
            [5.0457951233456974e-17, 9.51944063824864e-17, 6.162975822039156e-31, 2.0261463385822218e-16, 1.857454572475678e-16]
            [0.2486440908476124, -0.2201182031668005, 2.0261463385822218e-16, 1.0, 0.9075686154353043]
            [0.317667235926226, -0.1273731874895472, 1.857454572475678e-16, 0.9075686154353043, 1.0]
        Inverse covariance matrix:
            [2.209114382157637, 1.5504053410346588, -371307117686968.9, 1.4876388613468408, -1.7854489207427473]
            [1.550405341034659, 2.2139602796405717, -532706692947687.7, 1.7639698160466153, -1.7124895968173541]
            [-371307117686970.8, -532706692947687.2, 1.8666279002688197e+30, -759644817030690.1, 392811698246231.2]
            [1.4876388613468403, 1.7639698160466142, -759644817030685.6, 7.198448016977995, -6.639876593201901]
            [-1.7854489207427477, -1.712489596817355, 392811698246236.0, -6.639876593201902, 7.3022339829010905]
        Covariance determinant: 4.077916082850406e-32
    Category (Mg_1):
        Max prediction: 0.13986434727298933
        Attribute list: ['alpha_min', 'alpha_max', 'theta_angle_mean', 'normalized_avg_gamma', 'normalized_peak_gamma']
        Attribute alpha_min:
            Mean: 1.2592767320695486
            Variance: 0.014001197732617513
        Attribute alpha_max:
            Mean: 2.6516616050974076
            Variance: 0.013399739761436182
        Attribute theta_angle_mean:
            Mean: 1.2551534311954033
            Variance: 0.02
        Attribute normalized_avg_gamma:
            Mean: 0.26279016681283796
            Variance: 0.0009425973821892683
        Attribute normalized_peak_gamma:
            Mean: 0.23220574653004084
            Variance: 0.002995798665980091
        Covariance matrix:
            [1.0, -0.4224415948682183, 0.009110543451412038, 0.15545934132829964, 0.1849068349161223]
            [-0.4224415948682183, 0.9999999999999992, -0.03418929860730524, 0.11813988442207736, -0.0062678129569222855]
            [0.009110543451412038, -0.03418929860730524, 0.01592023503385823, -0.012362218860837567, -0.0051441195219534795]
            [0.15545934132829964, 0.11813988442207736, -0.012362218860837567, 1.0000000000000002, 0.7256429391858757]
            [0.1849068349161223, -0.0062678129569222855, -0.0051441195219534795, 0.7256429391858757, 1.0000000000000009]
        Inverse covariance matrix:
            [1.2889931909917829, 0.5788174277027106, 0.3205369101557445, -0.20209767646136984, -0.08641609967457248]
            [0.5788174277027107, 1.3671450330874906, 2.394442904528196, -0.33665917987896427, 0.1581533680822425]
            [0.3205369101557443, 2.394442904528196, 68.20058702052292, 0.6081844362193314, -0.1347543160334209]
            [-0.2020976764613697, -0.3366591798789642, 0.6081844362193313, 2.2196021353422806, -1.5722509189530507]
            [-0.08641609967457248, 0.15815336808224245, -0.134754316033421, -1.5722509189530507, 2.157169788865277]
        Covariance determinant: 0.0052201936308986325
    Category (Mg_2):
        Max prediction: 0.20758914044226742
        Attribute list: ['alpha_min', 'alpha_max', 'theta_angle_mean', 'normalized_avg_gamma', 'normalized_peak_gamma']
        Attribute alpha_min:
            Mean: 1.1922980760478064
            Variance: 0.006234304420405223
        Attribute alpha_max:
            Mean: 3.768327832861818
            Variance: 0.02031349191500295
        Attribute theta_angle_mean:
            Mean: 1.2556032881259611
            Variance: 0.02
        Attribute normalized_avg_gamma:
            Mean: 0.2665913724240121
            Variance: 0.0012765552290271123
        Attribute normalized_peak_gamma:
            Mean: 0.2786566092914478
            Variance: 0.009599684004562258
        Covariance matrix:
            [1.000000000000001, -0.8139658753568276, 0.0049957217195330614, 0.09341361639572722, 0.10227191406284519]
            [-0.8139658753568276, 0.9999999999999997, -0.004936406674438462, -0.16614019308077818, -0.15999088127792555]
            [0.0049957217195330614, -0.004936406674438462, 0.013089584265846183, 0.006438928996099859, 0.00820604012062587]
            [0.09341361639572722, -0.16614019308077818, 0.006438928996099859, 0.9999999999999994, 0.6626481982273891]
            [0.10227191406284519, -0.15999088127792555, 0.00820604012062587, 0.6626481982273891, 0.9999999999999996]
        Inverse covariance matrix:
            [2.9802226215278527, 2.446239591844107, -0.2802778844389138, 0.12646150107877643, 0.00508344200869549]
            [2.4462395918441064, 3.0420499782600103, 0.04920592056053168, 0.21415105055713016, 0.09420805804062654]
            [-0.28027788443891405, 0.0492059205605315, 76.90398883615995, -0.11918669564915317, -0.5155613143954816]
            [0.1264615010787764, 0.2141510505571301, -0.11918669564915295, 1.8002433291570794, -1.170621192095832]
            [0.005083442008695432, 0.09420805804062647, -0.5155613143954817, -1.170621192095832, 1.7944932774648192]
        Covariance determinant: 0.0023696892420911526
    Category (Si_1):
        Max prediction: 0.15652309370785175
        Attribute list: ['alpha_min', 'alpha_max', 'theta_angle_mean', 'normalized_avg_gamma', 'normalized_peak_gamma']
        Attribute alpha_min:
            Mean: 1.890046423043779
            Variance: 0.020625565173426952
        Attribute alpha_max:
            Mean: 2.3167641470369293
            Variance: 0.026731856535892003
        Attribute theta_angle_mean:
            Mean: 2.0927745359261363
            Variance: 0.02
        Attribute normalized_avg_gamma:
            Mean: 0.32649937944708385
            Variance: 0.0014984047721458538
        Attribute normalized_peak_gamma:
            Mean: 0.34059611315766286
            Variance: 0.0038599383511556794
        Covariance matrix:
            [1.0000000000000004, -0.8001157018664736, 0.06570176929454796, -0.029582199269128136, 0.00826178890260677]
            [-0.8001157018664736, 0.9999999999999999, -0.0824669498048028, 0.04881474683034271, 0.0066924717104351415]
            [0.06570176929454796, -0.0824669498048028, 0.04232850162635233, -0.007366461519272449, -0.008415131129465025]
            [-0.029582199269128136, 0.04881474683034271, -0.007366461519272449, 1.0000000000000009, 0.8191651750017289]
            [0.00826178890260677, 0.0066924717104351415, -0.008415131129465025, 0.8191651750017289, 0.999999999999999]
        Inverse covariance matrix:
            [2.7807117403447097, 2.225556900903567, 0.012429065437380643, 0.014122040839288176, -0.04933182183701395]
            [2.225556900903567, 2.980605801039905, 2.347219079783004, -0.1433200721517701, 0.09882026702199806]
            [0.012429065437380616, 2.3472190797830037, 28.219526234016794, -0.26722632724162587, 0.44056213118604404]
            [0.014122040839288197, -0.1433200721517701, -0.2672263272416258, 3.059860112482039, -2.507937096899021]
            [-0.04933182183701398, 0.09882026702199803, 0.4405621311860441, -2.5079370968990204, 3.0578683362359604]
        Covariance determinant: 0.004168154531482089
    Category (Si_2):
        Max prediction: 9523028866415.967
        Attribute list: ['alpha_min', 'alpha_max', 'theta_angle_mean', 'normalized_avg_gamma', 'normalized_peak_gamma']
        Attribute alpha_min:
            Mean: 1.7143656045023257
            Variance: 0.014268210828256307
        Attribute alpha_max:
            Mean: 2.3881747697029043
            Variance: 0.009815323788830094
        Attribute theta_angle_mean:
            Mean: 2.0943951023931957
            Variance: 0.02
        Attribute normalized_avg_gamma:
            Mean: 0.3149406501819526
            Variance: 0.001919641881470783
        Attribute normalized_peak_gamma:
            Mean: 0.3304071445824125
            Variance: 0.0025938158420603058
        Covariance matrix:
            [1.0000000000000002, -0.5889429003374095, -5.2823689295651824e-17, 0.05383624452229694, 0.06781430553581068]
            [-0.5889429003374095, 0.9999999999999993, 1.738693303844006e-17, -0.12357364697800977, -0.08687194257820349]
            [-5.2823689295651824e-17, 1.738693303844006e-17, 8.930500813822776e-30, 3.099598765793683e-17, 3.2087630650471964e-17]
            [0.05383624452229694, -0.12357364697800977, 3.099598765793683e-17, 1.0, 0.8952350336126246]
            [0.06781430553581068, -0.08687194257820349, 3.2087630650471964e-17, 0.8952350336126246, 1.0]
        Inverse covariance matrix:
            [1.5459435624110198, 0.9203333084802326, 7375125733180.597, 0.2657368529630312, -0.26301953756035734]
            [0.9203333084802329, 1.5663906261909013, 2029735870015.626, 0.39317439625421524, -0.2783849909037507]
            [7375125733178.92, 2029735870016.9578, 1.120296962367814e+29, -557271860744.7698, -3419690153634.8013]
            [0.2657368529630324, 0.3931743962542156, -557271860726.6577, 5.136311058288497, -4.582052657942502]
            [-0.2630195375603581, -0.27838499090375096, -3419690153647.423, -4.582052657942502, 5.095776437340143]
        Covariance determinant: 1.1260312844560148e-30
